Thu. Aug. 20, 2020             LANDSAT 5                 Time: 18:58
                         Image Assessment System
                           GCP Residual Report
----------------------------------------------------------------------------
WOID: L2            Path/Row: 194 / 026

L0R Reference Image: L51KIS1011288090100_HDF.202231408
Acquisition Date: Oct 15, 2011

Band Number:  5

GLS date for each WRS-2 path/row used:
Path  Row   Date
193   026   09-13-1999, 10-03-2015
193   027   09-13-1999, 07-31-2015
194   025   09-04-1999, 08-23-2015
194   026   08-24-2001, 03-13-2014
194   027   08-24-2001, 08-01-2013
195   025   09-11-1999, 10-01-2015
195   026   09-11-1999, 10-01-2015


Point_ID         Latitude  Longitude    Height       Across    Along    Residual  Residual
                                                      Scan      Scan      In y      in x
                                                    Residual  Residual    dir       dir
                   (deg)     (deg)     (meters)     (meters)  (meters)  (meters)  (meters)

1930260002_01   49.365616   11.178377   393.654       0.273    -2.972     0.860    -2.855
1930260004_01   49.253640   11.233285   433.435      -2.926    -1.908    -2.485    -2.458
1930260009_01   48.366985   10.873702   534.332      -3.391     3.765    -4.082     2.997
1930260012_01   48.886874   10.966910   634.525      -3.566    -6.003    -2.283    -6.592
1930260014_01   48.449661   10.220904   527.507      -1.877     0.762    -1.992     0.366
1930260024_01   48.247868   10.218193   573.309       0.365    -1.444     0.647    -1.339
1930260029_01   49.473636   11.010328   349.813      -6.629    -0.832    -6.325    -2.148
1930260032_01   49.244483   11.086949   374.555       5.384    -3.148     5.899    -1.998
1930260036_01   49.113199   11.438373   433.578       1.770     4.701     0.781     4.957
1930260039_01   49.484152   10.724911   376.123      -3.283    -2.547    -2.704    -3.153
1930260040_01   48.306359   10.145177   554.647       0.219    -2.494     0.717    -2.395
1930260045_01   49.439768   11.092635   372.575      -0.142     1.665    -0.477     1.600
1930260046_01   48.455389   10.653241   535.815      -0.159    -2.684     0.383    -2.659
1930260050_01   48.774846   11.115289   543.576       5.714     2.447     5.092     3.547
1930260051_01   49.417820   11.112354   376.064      -4.865    -1.818    -4.401    -2.759
1930260053_01   48.486727   10.667625   496.606       1.780    -0.259     1.790     0.106
1930260062_01   48.651782   10.296612   533.159      -2.333     4.581    -3.208     4.010
1930260063_01   48.322589   10.914580   542.301      -2.797     1.951    -3.135     1.342
1930260064_01   48.841495   10.499313   479.209      -3.153     3.636    -3.820     2.921
1930260067_01   48.450454   11.133170   517.252      -5.902     1.282    -6.038     0.060
1930260069_01   49.260445   10.612035   508.979       5.085    -0.883     5.151     0.159
1930260074_01   48.898013   11.173738   439.028      -4.244     6.983    -5.565     5.976
1930260083_01   48.381506   10.924861   514.645      -4.854     3.979    -5.557     2.910
1930260085_01   49.474579   11.047266   362.908      -4.798    -3.233    -4.050    -4.130
1930260090_01   49.335579   11.032919   384.162       2.776    -2.979     3.312    -2.358
1930260092_01   48.478268   11.057899   517.559      -2.657     4.617    -3.537     3.979
1930260102_01   49.409665   10.995736   372.546      -0.225     0.448    -0.313     0.393
1930260111_01   48.342223   10.903584   544.501      -6.919    -1.755    -6.419    -3.118
1930260113_01   48.215895   10.839964   588.000       0.343    -3.145     0.966    -3.008
1930260115_01   48.556469   10.678125   468.711      -2.440    -1.934    -2.000    -2.386
1930260116_01   49.226081   11.000832   484.947       3.829    -6.700     5.090    -5.786
1930260119_01   48.845603   10.711350   497.367      -0.852    -2.439    -0.346    -2.559
1930260127_01   49.414262   11.160620   390.922       0.035     2.886    -0.550     2.831
1930260130_01   48.539280   11.323845   497.969       4.591    -6.898     5.877    -5.822
1930260144_01   48.692225   10.833848   453.485      -1.596     1.374    -1.842     1.021
1930260148_01   48.955311   11.399150   423.956       3.223     6.520     1.835     7.031
1930260149_01   48.766930   11.143672   468.092      -1.422    -4.305    -0.529    -4.500
1930260154_01   48.667309   10.810954   454.666      -2.010     1.669    -2.307     1.226
1930260156_01   48.916225   10.803043   543.037       5.187    -2.887     5.653    -1.779
1930260160_01   48.423185   10.165444   518.864       0.364     5.237    -0.703     5.196
1930260166_01   49.139377   11.006749   422.115       6.226    -1.937     6.478    -0.642
1930260171_01   49.439196   10.999879   351.428      -1.808    -0.163    -1.740    -0.524
1930260182_01   48.475831   10.249087   486.458      -2.563    -2.061    -2.093    -2.535
1930260184_01   48.884856   10.940679   611.245       2.054    -2.229     2.454    -1.767
1930260190_01   48.623083   10.255550   507.776      -2.802    -1.552    -2.429    -2.085
1930260195_01   48.407244   10.605160   507.702      -2.158    -4.722    -1.160    -5.056
1930260201_01   49.284268   11.335753   482.690       2.650    -1.093     2.808    -0.537
1930260202_01   49.410601   11.635841   570.819      -0.625    -2.887    -0.038    -2.952
1930260203_01   49.215895   11.456935   459.039       4.587     0.265     4.430     1.183
1930260207_01   48.857080   10.334071   671.932      -1.955     0.028    -1.920    -0.367
1930260215_01   48.567994   11.216889   477.385      -4.108     6.061    -5.248     5.099
1930260216_01   48.879238   11.003446   608.934      -1.918    -7.040    -0.463    -7.276
1930260219_01   48.838661   10.845689   571.706      -0.352    -3.272     0.312    -3.273
1930260225_01   48.514711   10.193151   502.134      -1.088     5.754    -2.227     5.408
1930260227_01   49.187854   11.009923   411.670       1.920     0.821     1.710     1.189
1930260230_01   49.133114   10.956444   459.529      -1.024    -4.218    -0.157    -4.334
1930260231_01   48.852733   11.350226   535.115       0.592    -3.259     1.230    -3.070
1930260234_01   48.701256   10.912027   440.550      -0.927     1.828    -1.280     1.600
1930260239_01   49.298453   11.132515   389.560       4.982    -3.164     5.508    -2.095
1930260240_01   48.295231   10.641331   553.578       0.211    -3.866     0.984    -3.740
1930260241_01   48.395707   10.995144   561.320      -0.400     0.625    -0.523     0.529
1930260244_01   48.925759   10.920134   482.958       5.247     0.312     5.067     1.363
1930260250_01   49.312428   10.731323   504.426       2.466    -0.907     2.593    -0.391
1930260252_01   48.735883   10.360746   571.794      -1.685     0.335    -1.717    -0.012
1930260254_01   49.428279   11.354471   481.261      -0.798     3.875    -1.564     3.632
1930260256_01   48.442365   10.714924   595.400      -5.345    -0.990    -5.033    -2.049
1930260259_01   48.487629   10.350873   500.822       2.720     4.483     1.754     4.935
1930260261_01   48.271907   10.893374   562.503      -1.083    -2.397    -0.580    -2.565
1930260265_01   48.818265   10.461883   537.985      -1.907    -0.243    -1.819    -0.623
1930260266_01   48.577243   10.623812   467.741      -5.720     3.640    -6.334     2.405
1930260278_01   48.290827   10.667483   557.074      -1.438    -3.428    -0.718    -3.645
1930260280_01   48.361349   10.953364   528.470      -6.410    -1.754    -5.922    -3.014
1930260283_01   49.493384   10.808929   361.427      -1.891     2.265    -2.308     1.836
1930260286_01   49.404881   11.050955   354.497      -1.530     4.341    -2.373     3.940
1930260288_01   48.609103   10.461913   480.929      -6.803     1.540    -6.969     0.132
1930260290_01   48.607871   10.371513   507.470      -3.168    -1.472    -2.804    -2.080
1930260296_01   48.488919   10.381068   477.918      -3.942    -0.435    -3.771    -1.223
1930260297_01   48.592931   10.747531   496.177       1.766     3.445     1.029     3.727
1930260304_01   48.969643   11.196058   569.929      -3.014    -2.909    -2.369    -3.455
1930260306_01   48.536404   10.485590   468.183       4.783    -3.087     5.300    -2.054
1930260309_01   49.494426   11.084535   371.121      -0.613     2.034    -1.012     1.866
1930260311_01   48.184902   10.767349   604.545      -0.671    -0.137    -0.634    -0.270
1930260314_01   48.701585   11.021341   445.278      -2.654     0.664    -2.735     0.113
1930260315_01   49.509857   10.700025   434.541       1.027     1.993     0.603     2.157
1930260319_01   49.496575   11.312145   399.259       0.746     0.037     0.719     0.185
1930260321_01   49.317202   11.053217   399.121      -0.086     1.558    -0.401     1.507
1930260326_01   49.361532   11.250499   416.409       1.651     0.394     1.532     0.717
1930260327_01   49.125158   10.919476   451.852       3.837     1.893     3.371     2.625
1930260329_01   48.817242   10.656810   485.842       0.430     3.648    -0.317     3.656
1930260335_01   48.290358   10.461125   547.836       3.778     0.978     3.495     1.720
1930260341_01   48.718434   10.801333   500.014      -3.532    -5.388    -2.373    -5.985
1930260343_01   48.896620   11.147348   587.607      -2.576     4.530    -3.438     3.911
1930260344_01   49.377268   11.461123   599.946      -0.097    -1.425     0.186    -1.415
1930260345_01   48.864410   10.731485   543.819      -1.226     3.006    -1.808     2.694
1930260346_01   48.973340   10.898409   621.854      -2.366    -2.242    -1.867    -2.671
1930260347_01   49.041989   11.425861   564.354       3.632    -2.250     4.000    -1.471
1930260348_01   48.919246   11.161498   602.211       0.539    -2.638     1.053    -2.473
1930260352_01   48.839111   10.469047   490.826       2.841     5.440     1.681     5.895
1930260354_01   49.443212   11.065846   363.215       0.186     0.297     0.119     0.327
1930260355_01   48.723768   10.397181   598.106      -4.791    -1.030    -4.481    -1.975
1930260362_01   48.794871   10.674884   481.673       0.122     0.264     0.063     0.282
1930260365_01   49.409696   11.417327   587.632       4.222    -6.118     5.354    -5.138
1930260370_01   49.159859   11.212645   432.632       2.846    -1.386     3.060    -0.784
1930260373_01   48.941008   10.892663   508.670       5.370     5.221     4.199     6.191
1930260374_01   48.795759   10.454648   596.339      -1.992     1.835    -2.320     1.393
1930260375_01   49.101647   10.455283   502.498       4.564     0.037     4.457     0.955
1930260378_01   49.481488   11.229417   372.927      -2.872     1.131    -3.043     0.528
1930260385_01   48.923156   11.310358   435.697       1.665     0.944     1.434     1.259
1930260392_01   49.101592   10.972407   452.482       4.195    -6.305     5.370    -5.326
1930260394_01   48.443009   11.009910   553.024      -4.190    -4.827    -3.130    -5.571
1930260400_01   48.902985   11.266015   518.544       0.816    -3.259     1.449    -3.025
1930260403_01   49.034952   10.395016   480.371      -1.417     2.070    -1.804     1.740
1930260410_01   48.264876   10.688054   609.924       2.447    -4.855     3.370    -4.254
1930260413_01   48.229698   10.768166   563.341      -0.288     2.902    -0.873     2.780
1930260417_01   49.286730   10.564949   526.352       0.558     2.872    -0.033     2.922
1930260423_01   49.162105   10.519882   515.746       4.652     2.287     4.090     3.173
1930260426_01   49.230617   10.498145   458.158       0.731    -3.345     1.387    -3.127
1930260428_01   48.282820   10.393687   573.833       4.223     3.834     3.353     4.604
1930260430_01   48.261978   10.467989   555.721      -5.142     3.011    -5.642     1.904
1930260431_01   48.219781   10.345094   618.711       0.441     5.405    -0.664     5.375
1930260432_01   48.257282   10.317469   541.245       1.228    -1.432     1.489    -1.153
1930260437_01   49.130538   10.517343   526.671       4.939     1.037     4.622     2.009
1930260438_01   49.096459   10.418030   486.156       4.283     0.531     4.082     1.382
1930260439_01   49.454605   10.560758   455.052       2.655    -5.102     3.622    -4.459
1930260443_01   48.284727   10.323830   540.049      -2.909    -1.017    -2.642    -1.583
1930260444_01   49.294991   10.531351   477.127       4.644     1.705     4.200     2.602
1930260449_01   49.492137   10.562342   482.427       0.990     0.468     0.874     0.657
1930260471_01   48.497256   10.494605   508.426      -2.838     6.649    -4.121     5.930
1930260482_01   49.132654   10.957255   459.255       1.031    -2.159     1.439    -1.906
1930260490_01   49.036147   10.409892   481.588      -1.169     4.475    -2.046     4.142
1930260492_01   49.270522   11.540115   603.185       3.116    -4.563     3.960    -3.839
1930260496_01   49.138508   10.896144   456.461       1.325    -1.382     1.572    -1.086
1930260500_01   48.089018   10.969647   656.000       3.574     1.575     3.171     2.264
1930260502_01   49.051082   11.227528   595.701       1.192    -4.864     2.140    -4.520
1930260506_01   49.275211   11.383151   526.342       4.664     0.603     4.437     1.529
1930270029_01   48.247906   10.218279   576.330      -1.314    -2.454    -0.791    -2.666
1930270056_01   48.306403   10.145238   552.655       0.574    -1.076     0.778    -0.936
1930270105_01   48.045818   10.872977   642.275       0.511     0.747     0.343     0.833
1930270123_01   48.073202   10.899738   667.506      -2.282    -0.223    -2.192    -0.682
1930270148_01   48.086044   10.868042   623.262       1.187    -0.347     1.226    -0.100
1930270218_01   48.230476   10.094223   560.900      -0.216    -5.017     0.801    -4.951
1930270235_01   48.184913   10.767390   604.553       0.125     0.849    -0.054     0.855
1930270270_01   48.271923   10.893431   562.520      -0.685    -0.364    -0.602    -0.495
1930270375_01   48.295266   10.641414   552.197      -1.118    -4.228    -0.243    -4.363
1930270415_01   48.366811   10.300527   522.803      -1.998    -4.828    -0.981    -5.127
1930270557_01   48.360571   10.207274   530.806       1.642     4.580     0.679     4.812
1940250001_01   49.403625   11.107548   378.596      -0.889     2.054    -1.286     1.831
1940250011_01   49.505776   10.976479   342.577       1.270    -1.564     1.554    -1.277
1940250017_01   49.434280   11.080713   376.052       0.122     2.271    -0.340     2.247
1940250022_01   49.503336   10.847852   354.086       3.205     3.002     2.532     3.582
1940250027_01   49.461248   11.112953   363.752      -2.063     4.942    -3.016     4.421
1940250029_01   49.354128   11.284303   462.640       3.756    -2.932     4.260    -2.115
1940250035_01   49.474588   11.047277   367.242      -4.626    -2.176    -4.095    -3.061
1940250037_01   49.579012   10.584792   320.091      -4.651    -2.772    -3.997    -3.648
1940250048_01   49.505753   10.879470   359.278       0.876    -3.525     1.563    -3.274
1940250050_01   49.429958   11.035073   373.062      -4.163    -0.043    -4.070    -0.880
1940250060_01   49.433461   11.112186   365.272      -1.276     1.826    -1.619     1.530
1940250069_01   49.507677   10.424137   359.502       1.256     0.650     1.098     0.888
1940250073_01   49.481010   11.125441   387.208      -6.953    -2.782    -6.251    -4.122
1940250089_01   49.472780   11.328787   464.332      -0.265    -1.093    -0.044    -1.124
1940250090_01   49.439214   10.999495   352.766      -2.278    -0.467    -2.139    -0.916
1940250092_01   49.334436   11.439483   446.239      -0.419     4.169    -1.253     3.995
1940250114_01   49.499901   10.808853   348.360      -0.341     1.419    -0.621     1.320
1940250153_01   49.712928    9.213360   187.441       2.620     1.320     2.306     1.818
1940250177_01   49.527703   11.020035   336.734      -2.507     1.942    -2.847     1.396
1940250178_01   49.396447   11.039917   351.751      -2.069    -2.291    -1.568    -2.659
1940250202_01   49.496586   11.312090   396.928       0.694    -0.834     0.843    -0.678
1940250217_01   49.453084   11.300114   441.372      -1.730     1.446    -1.988     1.066
1940250230_01   49.632558    9.653028   245.409       0.017    -1.241     0.270    -1.211
1940250237_01   49.727606    9.647175   402.516       2.450     0.560     2.289     1.039
1940250239_01   49.453095   11.272750   405.036       0.476     3.629    -0.268     3.646
1940250254_01   49.487487   10.773967   393.201      -2.318     3.367    -2.947     2.829
1940250256_01   49.481485   11.229373   374.448      -4.221    -0.761    -3.983    -1.595
1940250263_01   49.494431   11.084529   373.346       0.073     4.235    -0.783     4.159
1940250265_01   49.388896   11.340932   479.609      -2.350    -0.650    -2.175    -1.110
1940250279_01   49.428270   11.354365   471.150       0.268     4.551    -0.656     4.507
1940250296_01   49.666744   10.117412   243.030      -4.559    -0.566    -4.348    -1.469
1940250303_01   49.474259   10.809105   399.489       4.784     2.256     4.227     3.169
1940250341_01   49.420046   11.002751   359.533       3.495     0.084     3.401     0.784
1940250343_01   49.477130   11.406372   469.250      -0.849     1.104    -1.058     0.909
1940250345_01   49.521113   11.147028   404.752      -2.661    -1.008    -2.406    -1.522
1940250352_01   49.493971   11.049698   352.531      -6.132     5.074    -7.025     3.733
1940250353_01   49.471985   11.086932   371.774      -2.396    -1.093    -2.129    -1.553
1940250362_01   49.462783   11.161064   365.304       2.586     0.808     2.365     1.310
1940250369_01   49.473873   11.012443   352.021      -6.881    -0.860    -6.566    -2.226
1940250384_01   49.503446   11.003833   326.894      -2.882     0.119    -2.848    -0.464
1940250386_01   49.588185   10.700376   441.675      -1.674     4.162    -2.475     3.737
1940250388_01   49.680817   10.033267   228.629      -4.305     0.811    -4.375    -0.070
1940250402_01   49.655880    9.850314   351.738      -3.543     0.973    -3.660     0.242
1940250406_01   49.668123   10.088335   223.136      -5.799     0.394    -5.755    -0.778
1940250407_01   49.663888    9.657637   286.305      -3.062    -5.364    -1.916    -5.864
1940250414_01   49.664175    9.554785   417.641      -2.134    -1.866    -1.710    -2.254
1940250417_01   49.637432   10.241034   312.366      -4.643    -0.425    -4.459    -1.349
1940250423_01   49.663473    9.518256   388.937       0.551    -2.183     0.982    -2.026
1940250431_01   49.638364    9.533727   418.011       2.772    -1.038     2.925    -0.460
1940250435_01   49.649114    9.465710   444.980       2.731     1.615     2.353     2.128
1940250437_01   49.627360    9.504513   428.356       1.626     5.745     0.442     5.949
1940250440_01   49.631831    9.403614   461.496       2.616    -1.776     2.921    -1.212
1940250444_01   49.672944    9.382352   258.243       6.468    -4.115     7.162    -2.730
1940250449_01   49.375239   11.438259   474.313       0.935     3.104     0.286     3.225
1940250480_01   49.371425   11.515351   584.876       0.672     3.401    -0.031     3.462
1940250511_01   49.568030   10.322153   391.000       4.421     3.576     3.609     4.387
1940250515_01   49.370534   11.469882   594.347      -0.651    -3.581     0.077    -3.636
1940250517_01   49.296817   11.287513   471.348       4.656    -4.462     5.449    -3.430
1940250543_01   49.394354   10.609813   456.909       5.890     3.677     5.023     4.782
1940250563_01   49.513687   10.038440   406.405       4.461    -5.833     5.539    -4.812
1940250566_01   49.689821    9.185843   472.087       4.784    -1.113     4.911    -0.130
1940250602_01   49.336201   11.382224   512.421       1.590     0.789     1.392     1.091
1940250609_01   49.608918   10.355255   373.603      -1.379     3.875    -2.127     3.515
1940250611_01   49.642643    9.692159   336.641       4.358     4.847     3.295     5.619
1940250626_01   49.611245    9.357418   496.249       5.798    -3.593     6.400    -2.352
1940250634_01   49.588252    9.451523   476.312       5.062     0.651     4.827     1.653
1940260003_01   48.945082    9.129225   271.790      -0.100     3.986    -0.897     3.881
1940260004_01   48.460366   10.281686   506.833      -4.112    -0.092    -4.006    -0.922
1940260005_01   49.455550   10.850629   434.947       2.540     4.446     1.590     4.861
1940260006_01   49.474564   11.047294   363.188      -3.418    -1.535    -3.041    -2.191
1940260007_01   48.738925   11.189675   440.650      -1.382     1.260    -1.612     0.953
1940260009_01   48.804979    9.521531   299.042      -5.652     4.543    -6.445     3.306
1940260010_01   49.722947    9.208827   166.097       0.157     0.537     0.052     0.558
1940260011_01   48.812525    9.177895   348.544      -3.649     1.635    -3.896     0.865
1940260012_01   48.712993    9.620874   368.054       1.509     2.948     0.884     3.189
1940260013_01   48.712079   10.773358   443.719      -3.086     3.259    -3.680     2.565
1940260014_01   48.426247    9.962851   650.441      -0.435     0.762    -0.580     0.657
1940260015_01   48.701476    9.024278   494.110      -3.902     0.135    -3.840    -0.654
1940260016_01   48.284063   10.892372   559.031      -5.470     2.783    -5.918     1.614
1940260017_01   48.242366   10.348923   601.668       0.512    -2.266     0.956    -2.113
1940260020_01   48.569046   10.424685   495.195      -4.272     1.813    -4.548     0.911
1940260021_01   48.887312    9.523979   335.620       0.212    -3.654     0.947    -3.532
1940260023_01   48.350919   10.992145   542.314      -5.830    -3.215    -5.059    -4.326
1940260024_01   48.367492   10.016506   527.466       1.474    -0.734     1.589    -0.420
1940260025_01   48.468327    9.232340   498.994      -2.327     3.460    -2.972     2.915
1940260028_01   49.579288   10.601767   346.364      -5.098    -0.277    -4.936    -1.295
1940260030_01   48.349566   10.945031   537.825      -1.371     2.483    -1.847     2.150
1940260031_01   49.244754   11.086538   371.204       5.294    -3.804     5.942    -2.658
1940260032_01   49.782909    9.170774   176.695      -6.134     6.654    -7.335     5.286
1940260034_01   49.075839    9.548899   545.803       1.275    -0.119     1.275     0.140
1940260035_01   49.398406   11.364152   471.866       0.003     2.598    -0.523     2.542
1940260036_01   48.827661    9.300248   312.179      -3.792     2.602    -4.232     1.783
1940260038_01   48.411162    9.988500   587.454       2.027     2.886     1.399     3.232
1940260040_01   48.941702    9.341038   327.846       3.745     2.165     3.232     2.874
1940260041_01   48.796435    9.056530   407.114       3.316    -2.908     3.836    -2.176
1940260043_01   49.319013   11.021489   419.211       3.229    -6.198     4.402    -5.417
1940260044_01   48.569213    9.632141   682.773      -0.921     3.488    -1.603     3.225
1940260045_01   48.086044   10.867831   626.259      -0.833     0.904    -1.003     0.715
1940260046_01   48.747767    9.174425   508.982      -2.806     4.046    -3.557     3.393
1940260047_01   49.365064    9.673047   349.881       3.218    -1.046     3.362    -0.377
1940260048_01   49.494417   11.084548   368.789       1.041     3.328     0.347     3.466
1940260050_01   49.284238   11.335709   488.396       4.271    -3.942     4.966    -2.999
1940260051_01   48.374244   10.936212   525.309      -4.673    -0.999    -4.375    -1.924
1940260053_01   48.244091   10.489195   553.916       1.534     2.186     1.055     2.448
1940260054_01   49.429687   11.035095   389.525      -5.122    -3.486    -4.317    -4.443
1940260055_01   48.722569    9.224104   450.856      -1.475    -2.299    -0.975    -2.546
1940260057_01   49.303498    9.624742   264.298       5.186    -1.904     5.462    -0.820
1940260058_01   48.319920   10.048328   535.093       0.004    -1.873     0.381    -1.831
1940260059_01   48.530338    9.094870   368.841       6.263    -0.430     6.218     0.844
1940260063_01   48.879702    9.396271   331.314      -4.724     2.683    -5.160     1.674
1940260064_01   48.073141   10.899943   656.792      -0.245     4.175    -1.089     4.033
1940260065_01   48.425077    9.277972   771.334       2.344    -5.913     3.490    -5.308
1940260067_01   48.228392   10.224162   590.027      -2.805     4.786    -3.713     4.113
1940260068_01   49.134546    8.917073   232.144      -4.289    -2.306    -3.727    -3.119
1940260069_01   48.801876    9.829908   379.863       0.353     0.463     0.253     0.524
1940260071_01   48.139603   10.244723   593.064       0.303     1.053     0.081     1.091
1940260073_01   48.494761    9.059499   393.763      -0.876    -3.960    -0.052    -4.051
1940260074_01   48.763186    9.147903   430.113      -3.351     2.921    -3.864     2.183
1940260075_01   48.383695   10.887620   533.569      -3.750    -0.182    -3.637    -0.938
1940260076_01   48.942799    9.215257   230.834      -1.952     4.192    -2.752     3.711
1940260077_01   49.102073    8.811478   212.410       5.163    -4.012     5.869    -2.888
1940260078_01   49.306962    9.146473   181.698       1.622    -1.175     1.830    -0.824
1940260081_01   48.290350   10.461049   541.289       2.765    -0.348     2.773     0.218
1940260082_01   48.341906   10.904220   550.758      -5.350     0.363    -5.312    -0.728
1940260083_01   49.193445    9.230268   206.211      -1.043     0.093    -1.035    -0.119
1940260086_01   48.257701    8.851107   575.233       5.556    -2.717     5.989    -1.534
1940260087_01   48.365863   10.906772   535.442      -5.165     1.979    -5.458     0.891
1940260088_01   48.299201   10.133677   542.130       5.616    -2.542     6.005    -1.352
1940260090_01   48.674450    9.464313   393.158      -2.884     0.534    -2.927    -0.059
1940260091_01   48.792547    9.399223   297.988       2.058     3.818     1.247     4.151
1940260092_01   48.256263   10.891335   563.285       4.098     0.548     3.892     1.365
1940260094_01   48.407605    9.501609   784.423       1.266     1.707     0.895     1.924
1940260095_01   48.392036   10.015733   521.650      -5.608    -0.677    -5.350    -1.796
1940260096_01   48.647159    9.525651   395.149       1.586    -2.697     2.099    -2.318
1940260097_01   48.903292    9.093076   339.853      -1.843     3.660    -2.537     3.211
1940260100_01   49.242448    8.895090   210.620      -1.288     2.501    -1.758     2.191
1940260101_01   48.310671   10.368877   535.677       1.433     5.967     0.193     6.126
1940260102_01   49.098673    8.907704   286.438       3.060    -2.754     3.556    -2.079
1940260104_01   48.744983    9.238084   453.177      -3.598     2.503    -4.021     1.723
1940260105_01   49.511432   11.007815   330.707       0.340    -0.030     0.336     0.038
1940260106_01   48.330171    9.892708   541.048       2.379     4.606     1.396     4.986
1940260107_01   49.116351    9.199466   224.658      -2.663     3.803    -3.368     3.187
1940260108_01   48.646473    9.788572   439.265       1.462     3.928     0.638     4.138
1940260109_01   48.519776    9.146073   364.728      -1.364    -6.816     0.047    -6.944
1940260110_01   48.782106    9.129613   411.139      -3.594    -1.926    -3.123    -2.608
1940260111_01   48.522706   10.975216   517.330      -5.987     2.269    -6.320     1.008
1940260113_01   48.332855    9.998716   543.396       3.097     5.134     1.991     5.647
1940260114_01   48.680156    9.555522   394.037       2.971     2.792     2.345     3.331
1940260115_01   49.072189    9.135218   224.187      -1.324     2.768    -1.849     2.444
1940260123_01   48.656653   10.815497   454.700      -6.413    -1.258    -6.025    -2.527
1940260124_01   48.407533   10.604683   505.947      -1.081    -2.012    -0.655    -2.187
1940260125_01   48.585254    9.893440   677.079      -1.009     5.387    -2.074     5.065
1940260126_01   49.180751   11.178050   428.220       3.795    -0.389     3.788     0.383
1940260127_01   48.191029   10.583765   621.683       1.801    -1.182     1.996    -0.792
1940260129_01   48.499763    9.154509   411.242      -2.905     2.303    -3.304     1.667
1940260132_01   48.508055    9.220754   447.693      -6.344     1.263    -6.458    -0.045
1940260133_01   49.091409    9.083409   261.800      -0.988     5.948    -2.161     5.623
1940260134_01   48.862719    9.533518   319.144      -0.062    -0.645     0.072    -0.643
1940260138_01   49.439202   11.000279   352.423      -0.651     0.535    -0.748     0.392
1940260141_01   49.479067   10.975338   341.053      -2.562     2.148    -2.942     1.586
1940260143_01   48.347138   10.364344   529.932       4.584    -4.367     5.364    -3.345
1940260147_01   48.232282   10.099924   569.588       5.397    -0.955     5.471     0.157
1940260148_01   48.574581   10.499755   480.108      -6.090     0.201    -6.002    -1.035
1940260149_01   48.488281    9.003881   369.468      -4.099    -4.585    -3.079    -5.313
1940260151_01   48.450402   10.095997   505.680      -2.509     2.594    -2.980     2.030
1940260153_01   48.583465    8.851716   467.576      -4.505     0.627    -4.528    -0.295
1940260156_01   48.175182    9.966399   575.480       2.757    -3.442     3.391    -2.808
1940260157_01   48.308195    8.876779   593.576       2.232     4.925     1.191     5.268
1940260158_01   48.368655    9.728109   597.980      -2.566    -3.885    -1.724    -4.318
1940260160_01   48.330938    9.032983   630.819       6.575    -3.746     7.192    -2.336
1940260161_01   49.401852    9.225303   311.163       1.047    -5.578     2.152    -5.248
1940260162_01   48.382231   10.845806   544.071      -4.147    -0.087    -4.044    -0.925
1940260163_01   48.702858    9.368765   388.127      -1.148     1.893    -1.502     1.621
1940260167_01   49.063146    8.802605   237.738       1.584    -1.885     1.937    -1.525
1940260168_01   48.781470    9.851625   453.921      -2.318     2.499    -2.771     1.977
1940260170_01   48.362810    8.652352   581.289       1.528    -1.250     1.753    -0.913
1940260171_01   48.954744    8.846502   291.831      -1.323     5.254    -2.349     4.876
1940260172_01   49.122118   10.751977   463.712      -1.777    -2.982    -1.141    -3.276
1940260173_01   48.588859    9.807197   721.324       0.514     1.283     0.244     1.359
1940260174_01   48.835702    9.202161   325.334       1.107     6.558    -0.237     6.641
1940260176_01   48.148359   10.477741   586.942       3.569    -4.420     4.381    -3.601
1940260177_01   48.665251   10.150723   536.127       0.964     2.637     0.410     2.774
1940260178_01   48.528145    8.876233   491.379       0.872    -0.473     0.954    -0.286
1940260179_01   48.917420    9.328117   368.539       0.799     5.678    -0.360     5.718
1940260180_01   48.696093   10.826283   448.286      -1.501     0.738    -1.621     0.418
1940260181_01   48.991329   11.199669   566.193       4.735    -3.748     5.382    -2.713
1940260183_01   48.957872    9.255945   252.669      -4.979     2.154    -5.303     1.106
1940260184_01   49.299989   11.065241   384.705       2.307    -2.345     2.725    -1.832
1940260186_01   48.623645    8.708354   575.404      -4.052    -3.010    -3.349    -3.760
1940260187_01   48.362048    9.953617   524.081      -1.342     1.262    -1.568     0.963
1940260188_01   49.259267   11.249059   441.451       4.339    -1.880     4.620    -0.967
1940260189_01   49.018556   10.366406   487.942       2.146     1.221     1.853     1.627
1940260190_01   49.220238   10.724507   483.589       6.362    -0.530     6.330     0.762
1940260191_01   48.845554   10.711448   489.880       1.240    -4.527     2.122    -4.180
1940260193_01   48.700982   10.911554   453.341      -2.592     5.566    -3.663     4.922
1940260194_01   48.772177    9.248017   273.034      -3.313     0.063    -3.251    -0.606
1940260195_01   48.295225   10.641635   538.390      -0.253    -2.104     0.174    -2.110
1940260196_01   48.666112    9.128494   483.258      -0.161     5.033    -1.170     4.892
1940260197_01   48.478817    8.974620   380.754      -5.040    -1.428    -4.638    -2.414
1940260199_01   48.826090   10.063307   497.246      -1.328     2.664    -1.836     2.339
1940260204_01   48.331307    9.771163   666.487       6.317     6.745     4.815     7.872
1940260206_01   48.764124    8.999347   493.300      -0.140    -2.168     0.306    -2.149
1940260211_01   49.265189   11.291451   483.639       0.159    -0.842     0.320    -0.793
1940260212_01   48.290636    8.552182   720.799       5.622     2.505     4.996     3.585
1940260213_01   48.866366    9.041931   361.279      -2.199     0.820    -2.312     0.360
1940260214_01   49.101608   10.972368   452.927       3.772    -6.148     4.925    -5.257
1940260215_01   48.412911    8.895966   464.100       0.592     2.476     0.083     2.543
1940260216_01   49.499931   10.808809   346.559      -0.994     2.254    -1.428     2.006
1940260217_01   49.266569   11.005668   407.032       0.889     5.772    -0.294     5.827
1940260218_01   48.428683    9.928055   563.788       1.782    -3.661     2.482    -3.222
1940260219_01   48.459053   10.657846   509.253       6.132     1.404     5.712     2.612
1940260221_01   48.844063    9.422918   574.115      -6.905     5.100    -7.780     3.598
1940260222_01   48.566837   10.593034   448.307      -2.445    -2.119    -1.967    -2.567
1940260223_01   48.619964    9.511805   431.078      -2.462     2.066    -2.823     1.525
1940260224_01   48.267867   10.608854   557.207       1.286    -1.721     1.602    -1.424
1940260226_01   48.740203   11.223984   425.380      -2.818     3.917    -3.553     3.263
1940260227_01   48.833306    9.163300   331.787      -3.350     4.785    -4.240     4.008
1940260228_01   48.524432    8.968888   391.693       3.479     1.412     3.123     2.084
1940260230_01   49.122481   10.083107   461.213       3.518    -2.986     4.044    -2.214
1940260232_01   49.166992   10.319036   505.183      -2.088    -2.235    -1.594    -2.607
1940260235_01   49.047456    8.990700   310.499      -2.000    -0.466    -1.857    -0.858
1940260236_01   48.666068    9.910269   716.227      -6.923    -0.184    -6.733    -1.577
1940260237_01   48.721989    9.359136   291.931      -4.545    -0.239    -4.396    -1.150
1940260239_01   48.595335   10.204073   496.014      -1.449     4.966    -2.421     4.565
1940260240_01   49.302333   11.350883   495.169       0.455     0.689     0.301     0.765
1940260241_01   48.852897    9.266386   332.435       0.553    -3.248     1.200    -3.067
1940260242_01   48.608133   10.371578   509.076      -1.329    -0.573    -1.186    -0.829
1940260245_01   48.405816    9.232116   821.451      -2.108    -4.356    -1.177    -4.684
1940260246_01   48.554108    9.660822   792.774       1.831    -0.472     1.887    -0.092
1940260247_01   48.813001    9.413346   277.093      -0.163    -5.325     0.918    -5.244
1940260248_01   48.841956   10.504772   477.031      -4.443    -0.361    -4.277    -1.250
1940260251_01   48.558705    9.264462   371.125      -2.197     1.739    -2.497     1.258
1940260253_01   48.731917    9.091524   504.518       0.289     2.900    -0.298     2.896
1940260254_01   48.807842    9.555416   295.121      -1.492     0.723    -1.604     0.407
1940260255_01   48.599866   10.876062   465.590      -5.237     0.518    -5.233    -0.552
1940260257_01   49.230003    9.181805   191.082      -0.241    -0.730    -0.084    -0.762
1940260259_01   48.888162    9.134347   338.110      -0.772     2.754    -1.307     2.540
1940260260_01   48.396299    9.816957   571.658       5.503    -0.704     5.526     0.423
1940260261_01   49.505924   10.872425   344.753      -0.412    -1.295    -0.146    -1.351
1940260262_01   48.357296    9.775381   717.111       2.141     0.163     2.061     0.592
1940260263_01   48.945483   10.708609   569.043       2.393    -3.136     2.970    -2.586
1940260270_01   49.195959    9.480262   304.276      -3.015    -5.769    -1.786    -6.252
1940260273_01   48.577725   10.465673   455.552       1.258    -3.027     1.839    -2.708
1940260276_01   48.463228    8.664663   600.344       4.664    -3.326     5.240    -2.312
1940260277_01   48.621120   10.239737   515.962      -4.855     1.498    -5.053     0.485
1940260280_01   48.128744   10.538004   657.356       4.499    -1.275     4.654    -0.337
1940260281_01   48.713048    9.563358   327.928      -2.838    -5.178    -1.730    -5.639
1940260282_01   48.685852    9.415521   374.188      -1.035    -2.636    -0.477    -2.788
1940260285_01   48.755963   11.149092   490.408      -2.074     4.570    -2.955     4.051
1940260286_01   48.492688    8.585309   636.006      -0.189    -6.250     1.085    -6.150
1940260287_01   48.937165    8.806431   273.465       2.046    -5.258     3.069    -4.733
1940260289_01   49.638844    9.647571   259.850       3.215     2.498     2.649     3.090
1940260290_01   49.285810   11.190133   384.489       1.271    -1.533     1.547    -1.246
1940260291_01   48.881642   11.002219   581.427       3.299    -2.091     3.644    -1.381
1940260292_01   48.795134   10.674922   492.553      -1.829     1.984    -2.192     1.571
1940260295_01   48.326669    9.348288   829.470       3.244    -3.785     3.939    -3.045
1940260296_01   48.225324   10.178087   576.596       2.310     0.496     2.157     0.952
1940260298_01   48.739302    8.777794   582.327       5.946     4.448     4.924     5.549
1940260299_01   48.305920   10.956297   546.413      -2.191     1.258    -2.403     0.786
1940260302_01   48.353845    8.966606   532.207       2.449    -1.806     2.765    -1.272
1940260303_01   49.249732   10.421302   479.868       0.531     0.607     0.397     0.700
1940260305_01   49.174295    9.223189   202.870      -0.669     3.182    -1.291     2.981
1940260306_01   48.751748    9.351148   527.798      -4.478     1.434    -4.667     0.500
1940260307_01   48.562993    9.293778   416.002      -2.072     1.463    -2.319     1.013
1940260310_01   48.893479   10.014739   423.310       1.592    -2.618     2.086    -2.241
1940260311_01   48.646419    8.846321   586.676      -1.502    -3.780    -0.700    -3.999
1940260313_01   48.907995   10.830913   550.354       3.021    -2.765     3.509    -2.096
1940260315_01   48.621276    9.799570   558.605      -0.794     6.040    -1.995     5.748
1940260316_01   49.224031    9.693776   392.029      -0.252    -0.363    -0.171    -0.406
1940260317_01   48.796078    9.917227   487.289      -3.705     1.841    -3.995     1.054
1940260320_01   48.899128   10.958801   641.294      -3.923    -1.420    -3.556    -2.181
1940260321_01   48.677486    9.226403   422.326      -5.995    -1.717    -5.515    -2.889
1940260325_01   48.741112   10.625010   526.390      -0.544     4.239    -1.389     4.037
1940260328_01   48.301091   10.009458   577.571       5.462     4.270     4.479     5.280
1940260329_01   49.267886   10.922478   459.694       6.414    -2.231     6.722    -0.893
1940260335_01   49.221354   10.895945   426.362       3.965    -0.716     4.021     0.097
1940260336_01   48.871431    9.626915   562.185       1.510     1.206     1.237     1.484
1940260337_01   48.619593    8.796649   636.415       0.528     3.566    -0.198     3.595
1940260339_01   48.627151   10.033326   684.365       4.593     5.449     3.392     6.255
1940260340_01   48.766120    9.202656   476.332      -3.544     6.233    -4.721     5.384
1940260341_01   48.678515    9.016890   494.867      -1.558     1.944    -1.912     1.588
1940260342_01   48.397481   10.678915   523.852       0.880    -0.903     1.039    -0.706
1940260343_01   48.599537    9.353842   359.633      -1.418     0.116    -1.408    -0.172
1940260344_01   48.571535    9.395864   460.936       0.870    -0.034     0.860     0.143
1940260345_01   49.455920    9.161031   461.162       0.855    -4.381     1.724    -4.115
1940260347_01   48.964434    8.814967   295.064       1.319     3.357     0.620     3.552
1940260349_01   49.537298    9.324942   412.089       3.473    -2.702     3.947    -1.947
1940260350_01   48.692563   10.144420   650.030      -2.276     0.576    -2.343     0.104
1940260351_01   48.172903   10.467080   606.060      -3.097     2.861    -3.611     2.171
1940260352_01   48.333602    9.936049   534.437       0.829     1.801     0.446     1.929
1940260353_01   49.487489   10.773961   394.690      -0.504     4.928    -1.485     4.721
1940260355_01   48.712914    9.400244   307.390      -3.644    -3.165    -2.924    -3.832
1940260356_01   48.444342   10.214322   522.151      -3.161     2.231    -3.544     1.544
1940260357_01   49.608982    9.633983   274.316       3.315    -2.984     3.848    -2.255
1940260358_01   49.145282    9.291681   256.961      -4.974     1.008    -5.067    -0.014
1940260359_01   48.535713   10.501046   473.012      -2.882     3.817    -3.593     3.151
1940260361_01   48.515938   10.330574   487.607       0.901     5.171    -0.165     5.241
1940260364_01   48.852071    8.973188   447.095      -5.099     4.037    -5.798     2.923
1940260365_01   49.026869    9.153178   224.884      -3.666     2.278    -4.043     1.492
1940260366_01   48.665007    8.929343   508.424       3.156     0.519     2.987     1.144
1940260367_01   49.312215   10.731329   502.183       4.913     1.743     4.455     2.693
1940260368_01   49.563146    9.709681   261.222       5.525    -6.454     6.708    -5.208
1940260369_01   48.802579    9.280028   369.852       3.598     6.293     2.255     6.883
1940260371_01   48.736134   11.020527   457.398      -6.704     3.616    -7.293     2.183
1940260372_01   48.361774    9.990467   532.838      -1.206    -2.023    -0.771    -2.223
1940260373_01   48.233371    9.465637   599.540       6.410    -3.187     6.915    -1.821
1940260374_01   49.407745   10.998117   372.499       1.987     2.170     1.506     2.523
1940260376_01   48.251585   10.785731   568.714      -0.644     6.294    -1.907     6.025
1940260378_01   48.706817   10.232395   629.514      -2.117     2.742    -2.624     2.254
1940260379_01   48.328861    9.741853   651.791       3.955    -3.837     4.644    -2.953
1940260380_01   48.285787    8.717252   700.475       3.597    -4.031     4.338    -3.215
1940260382_01   48.683336    8.986683   472.479       2.584     0.121     2.508     0.639
1940260383_01   49.432068   11.521322   553.545       2.099     0.459     1.956     0.870
1940260384_01   48.473655    8.924706   441.203      -4.176     1.085    -4.300     0.219
1940260387_01   49.211462   10.068462   495.406       0.629    -4.017     1.425    -3.804
1940260388_01   48.295304   10.534815   538.505      -1.590    -2.904    -0.972    -3.163
1940260391_01   49.111604    9.127139   254.152      -3.848     2.063    -4.177     1.246
1940260393_01   48.836202    9.338266   337.139      -3.337     3.803    -4.029     3.049
1940260394_01   48.998503    9.146154   225.771      -5.047     2.004    -5.339     0.946
1940260397_01   48.336978   10.444537   535.690      -1.099     0.946    -1.269     0.703
1940260398_01   48.465697    9.413317   745.585      -0.775     5.301    -1.827     5.027
1940260399_01   48.680085    9.374765   307.605      -3.537     1.195    -3.699     0.457
1940260400_01   48.422033    9.636401   848.301       1.701     3.252     1.008     3.523
1940260403_01   49.702890    9.255747   170.709      -1.678     1.318    -1.902     0.955
1940260405_01   49.170592    9.851941   486.982       0.504     4.225    -0.355     4.235
1940260408_01   48.678236   11.103578   529.070       6.392     5.415     5.157     6.589
1940260409_01   48.715178   11.105799   460.908       4.077     3.797     3.219     4.538
1940260412_01   49.503849   11.314499   394.736       0.451     3.215    -0.209     3.237
1940260414_01   49.329522    9.751372   439.207       4.355     4.786     3.301     5.559
1940260423_01   49.129543    8.984158   267.537      -0.027    -6.664     1.322    -6.527
1940260425_01   48.599775   11.059943   551.169       1.186    -0.271     1.210    -0.026
1940260426_01   49.081063    8.846932   254.852       0.189     5.185    -0.854     5.113
1940260427_01   49.222258    8.916083   214.017      -3.850    -1.195    -3.521    -1.942
1940260431_01   49.631079   10.367467   474.261      -2.471     3.911    -3.202     3.331
1940260434_01   49.688472    9.743912   404.128      -0.417    -2.467     0.090    -2.497
1940260435_01   49.490665   11.169037   386.604      -3.326    -0.637    -3.131    -1.294
1940260442_01   49.508398    8.995788   471.220       3.291     4.494     2.323     5.058
1940260444_01   49.553987    8.985421   501.142       2.709     2.794     2.095     3.278
1940260446_01   49.500170   11.350797   382.444       3.909    -1.236     4.070    -0.424
1940260448_01   49.557499    9.498130   351.271       1.357    -2.304     1.795    -1.982
1940260449_01   48.887030    9.726127   607.931      -3.388     1.005    -3.515     0.301
1940260452_01   48.890827    9.456864   507.868      -4.943     4.533    -5.747     3.439
1940260455_01   48.897867    9.835952   562.067       2.601     0.220     2.501     0.739
1940260456_01   48.342493   10.198174   540.000      -2.120    -3.252    -1.418    -3.610
1940260458_01   48.297974   10.994800   576.000       3.214     3.457     2.440     4.031
1940260459_01   49.724032    9.739567   309.746      -2.182    -0.341    -2.064    -0.771
1940260462_01   49.672941    9.829430   376.210      -4.870     5.375    -5.843     4.284
1940260463_01   49.567188    9.554548   389.951       4.214     6.612     2.799     7.316
1940260464_01   49.563160   10.435369   380.121      -4.279     0.776    -4.344    -0.100
1940260465_01   49.169076   11.064074   427.585       2.125    -6.941     3.472    -6.366
1940260466_01   49.122590    9.312540   280.490       2.175     1.861     1.757     2.260
1940260469_01   48.648060    8.653169   675.000       0.208     1.825    -0.159     1.827
1940260470_01   49.169844    9.387717   289.450       0.073     1.338    -0.195     1.324
1940260471_01   49.073663   10.797490   461.000       6.838    -2.620     7.215    -1.186
1940260472_01   49.386200   10.017268   489.459       6.851    -0.025     6.710     1.352
1940260473_01   49.516144    9.281090   422.080      -1.778    -3.124    -1.107    -3.413
1940260474_01   48.675662   11.050775   472.000      -4.160     4.119    -4.906     3.189
1940260475_01   49.703509    9.785491   389.334      -6.315     1.431    -6.465     0.135
1940260476_01   49.319803    9.215129   351.753       2.096     3.297     1.392     3.648
1940260477_01   48.218823    9.515602   584.176       3.650    -4.778     4.538    -3.935
1940260482_01   49.054414   10.417898   519.488      -3.544    -4.308    -2.601    -4.929
1940260483_01   48.199296   10.017625   576.530       1.237    -2.961     1.808    -2.646
1940260484_01   48.399358    9.459005   794.305       3.251     4.556     2.260     5.112
1940260485_01   49.199323   10.481704   508.882       4.733    -1.078     4.847    -0.102
1940260486_01   48.534882   10.802103   494.155      -1.336     3.186    -1.954     2.846
1940260488_01   49.493275   10.089089   373.930      -0.018    -2.908     0.568    -2.850
1940260489_01   48.689121    9.892830   659.000      -3.542     2.516    -3.972     1.746
1940260490_01   48.466494   10.792393   567.693      -2.882     1.856    -3.198     1.232
1940260492_01   49.146604   10.844605   556.228       3.476    -6.986     4.803    -6.136
1940260493_01   49.384063    9.470056   417.616       4.536     0.409     4.360     1.311
1940260495_01   49.696542    9.694973   256.156      -0.987    -0.190    -0.925    -0.384
1940260496_01   49.704859    9.651044   307.957      -3.583    -1.565    -3.189    -2.250
1940260499_01   48.497885   10.561143   534.482       2.950     6.019     1.668     6.483
1940260502_01   48.824497   10.175212   678.000       0.850    -1.897     1.213    -1.684
1940260505_01   48.179001   10.686012   591.128       1.805    -0.243     1.810     0.127
1940260506_01   48.508929   10.507105   508.567      -6.187    -0.318    -5.991    -1.562
1940260510_01   49.082149   10.442459   493.136       2.750     2.376     2.212     2.878
1940260512_01   49.194049    9.816457   455.075      -2.062     1.885    -2.395     1.430
1940260516_01   49.662578    9.635902   232.614       4.681     1.132     4.358     2.047
1940260517_01   48.477457    9.791327   713.000      -1.107     0.578    -1.199     0.342
1940260518_01   48.087342   10.969468   655.831       3.451    -1.716     3.716    -0.980
1940260519_01   48.679872   10.851254   450.000      -5.612    -1.598    -5.173    -2.698
1940260520_01   49.100448   11.126897   501.000      -2.520    -2.434    -1.981    -2.890
1940260521_01   48.130865   10.619091   651.679       3.791     2.177     3.263     2.897
1940260522_01   49.031383    8.814550   288.704      -1.480     0.381    -1.519     0.076
1940260523_01   49.371588    9.693435   393.898       6.739    -1.730     6.945    -0.339
1940260524_01   48.912360   11.321649   579.954      -2.799     1.106    -2.967     0.516
1940260526_01   49.631766   10.138680   325.384      -2.129     0.010    -2.085    -0.417
1940260528_01   49.490553    8.971796   364.483       0.631     3.535    -0.087     3.587
1940260529_01   49.544883   10.776996   431.241       1.791    -0.178     1.787     0.185
1940260531_01   49.491613   11.344178   437.114      -0.013    -0.043    -0.009    -0.046
1940260533_01   49.558030    9.006619   528.570       3.788     1.027     3.506     1.764
1940260534_01   49.601485    9.036028   542.159      -0.908     4.349    -1.756     4.074
1940260537_01   49.567191    9.035627   517.821      -0.730     5.449    -1.803     5.186
1940260538_01   49.621157    9.039795   578.567      -2.350     2.635    -2.822     2.108
1940260539_01   49.657846    9.039422   372.195       4.086    -2.194     4.446    -1.328
1940270035_01   48.040621   10.859356   654.835       6.944    -1.539     7.097    -0.098
1940270041_01   48.071874   10.860128   645.914       1.719    -1.062     1.891    -0.691
1940270090_01   48.139877   10.244726   592.387       0.009     1.960    -0.390     1.918
1940270114_01   48.221487    9.887140   564.035       0.367     6.281    -0.912     6.217
1940270136_01   48.152026   10.112703   565.799       3.036    -0.986     3.167    -0.350
1940270137_01   48.308191    8.876775   593.589       2.171     4.816     1.153     5.149
1940270161_01   48.352728    8.631331   607.953       2.132     4.062     1.269     4.404
1940270164_01   48.175192    9.966411   575.552       2.919    -3.888     3.640    -3.212
1940270169_01   48.160698   10.215740   642.979       6.361    -5.959     7.424    -4.540
1940270208_01   48.330945    9.032984   629.969       6.158    -3.859     6.807    -2.530
1940270217_01   48.290640    8.552172   719.661       5.202     2.377     4.612     3.375
1940270284_01   48.112181   10.523370   633.073       4.109    -1.759     4.371    -0.888
1940270357_01   48.030227   10.708867   672.310       4.653     5.235     3.487     6.062
1940270397_01   48.285785    8.716839   698.132       4.251    -3.061     4.782    -2.135
1940270423_01   48.056322   10.715734   651.217       5.635    -0.983     5.705     0.180
1940270424_01   48.075381   10.653224   639.707       1.128    -6.492     2.412    -6.122
1940270449_01   48.398872    8.854322   512.923       5.334     2.237     4.770     3.266
1940270466_01   48.304311    8.783900   621.468       1.969    -3.481     2.635    -3.006
1940270469_01   48.315526    9.431144   781.933       6.024     2.065     5.475     3.236
1940270482_01   48.136174   10.586978   656.649      -0.411    -6.663     0.942    -6.600
1940270503_01   48.310923    9.616468   727.209       2.930    -0.625     2.993    -0.019
1940270504_01   48.132967    9.877197   602.511       6.786    -0.490     6.735     0.893
1940270508_01   48.186760    9.831283   555.325       6.832    -1.543     6.994    -0.128
1940270510_01   48.337966    8.948078   609.550       3.040    -3.511     3.688    -2.819
1940270514_01   48.146070    9.824688   581.168       1.943    -1.031     2.109    -0.615
1940270522_01   48.098624   10.570939   645.670       3.438    -3.769     4.121    -2.990
1940270525_01   48.179398   10.420026   598.017       0.218     1.285    -0.049     1.300
1940270543_01   48.264240    9.509631   700.311       2.876    -5.694     3.965    -4.987
1940270572_01   48.270844    9.329750   786.925       4.843     3.797     3.969     4.691
1940270574_01   48.271698    9.634624   593.000       6.141    -4.435     6.904    -3.096
1940270596_01   48.045772   10.787203   644.099       4.069    -4.850     4.955    -3.919
1940270602_01   48.396999    8.742798   548.815       4.635     4.768     3.575     5.600
1940270603_01   48.204410    9.855461   551.000       4.247    -2.770     4.714    -1.850
1940270611_01   48.245875    9.665003   620.112       6.126     2.153     5.557     3.345
1940270629_01   48.159701   10.545803   672.926       2.624    -3.336     3.237    -2.732
1950250029_01   49.666751   10.117429   240.890      -3.817    -1.132    -3.508    -1.874
1950250073_01   49.712986    9.213481   200.635       2.669     2.231     2.171     2.719
1950250076_01   49.730819    9.218512   163.881       2.949    -6.769     4.252    -6.036
1950250098_01   49.554752   10.066253   350.906       1.195     1.241     0.921     1.454
1950250121_01   49.632588    9.653072   241.868      -0.931    -0.416    -0.824    -0.594
1950250151_01   49.755086    9.322762   199.447       1.832     2.734     1.250     3.045
1950250166_01   49.769109    9.025014   322.220       3.747     2.605     3.151     3.301
1950250178_01   49.751837    9.489734   375.258      -3.711    -1.656    -3.295    -2.364
1950250183_01   49.624946    9.515870   371.424      -5.041    -4.310    -4.063    -5.229
1950250186_01   49.787415    9.080852   344.222      -2.898    -0.450    -2.740    -1.020
1950250190_01   49.537338    9.325055   415.334       0.424    -2.738     0.970    -2.594
1950250210_01   49.421473    9.450407   439.618      -3.541     5.335    -4.534     4.509
1950250220_01   49.571205    9.358091   484.934       4.348    -2.089     4.679    -1.172
1950250223_01   49.467338    8.989652   202.630       3.263    -2.327     3.668    -1.622
1950250228_01   49.593661    9.828501   356.038       5.573     2.792     4.896     3.851
1950250249_01   49.663907   10.074888   232.342      -0.533     2.626    -1.048     2.464
1950250266_01   49.615610    9.479592   337.598       2.551     2.408     2.018     2.868
1950250313_01   49.727628    9.647228   415.669       1.778     2.434     1.255     2.739
1950250370_01   49.651819    9.317051   446.519       5.967     2.304     5.381     3.452
1950250372_01   49.663878    9.657690   293.440      -1.500    -4.699    -0.520    -4.900
1950250374_01   49.596247    9.200505   310.985      -2.352    -6.243    -1.041    -6.581
1950250381_01   49.346720    9.793761   309.770       2.115    -0.132     2.099     0.296
1950250456_01   49.618584    9.593083   272.268      -2.284    -6.794    -0.867    -7.108
1950250475_01   49.341905    9.896151   521.060       3.582     2.217     3.061     2.889
1950250484_01   49.411849    9.990065   485.813       4.455     1.068     4.146     1.940
1950250487_01   49.371463    9.584772   355.035       2.753     1.735     2.349     2.251
1950250497_01   49.659915    9.588592   344.021      -1.975    -4.922    -0.940    -5.212
1950260004_01   48.521963    9.123321   438.884      -0.311     3.173    -0.941     3.042
1950260009_01   48.730243    9.295928   348.402      -2.674     0.746    -2.763     0.191
1950260011_01   48.869115    9.351573   344.626      -5.875     1.806    -6.109     0.584
1950260012_01   48.795653    9.025106   445.870       0.218    -3.691     0.963    -3.567
1950260017_01   48.977400    9.777738   393.784      -0.925    -3.853    -0.127    -3.957
1950260018_01   48.945113    9.129203   272.833       0.703     3.498    -0.013     3.565
1950260019_01   48.517670    9.051857   369.166      -3.817    -2.973    -3.129    -3.679
1950260022_01   48.822205    9.319436   303.611      -4.928    -2.706    -4.273    -3.640
1950260023_01   48.850035    9.183328   331.397      -0.992    -2.870    -0.388    -3.008
1950260024_01   48.289347    8.738655   586.662       5.202    -6.591     6.426    -5.395
1950260025_01   48.805586    9.144000   388.246      -4.031     3.948    -4.736     3.051
1950260036_01   48.703857    9.442128   311.457      -2.955    -5.044    -1.871    -5.532
1950260037_01   49.134584    8.917051   234.258      -2.827    -0.029    -2.755    -0.596
1950260039_01   48.704995    8.990391   488.477      -4.000     2.669    -4.447     1.805
1950260044_01   48.712901    9.400216   308.589      -4.696    -3.805    -3.825    -4.670
1950260046_01   48.469377    9.236856   524.216      -4.244    -1.620    -3.820    -2.441
1950260051_01   48.996817    8.797933   302.719       2.853    -1.990     3.200    -1.373
1950260053_01   48.891762    9.226417   348.357      -0.382     1.238    -0.619     1.135
1950260057_01   48.414876    9.491956   754.964       1.064    -0.742     1.192    -0.510
1950260060_01   48.799422    9.250967   354.201      -5.107     5.072    -6.017     3.934
1950260061_01   48.888359    9.168421   368.199      -2.066    -1.232    -1.768    -1.621
1950260063_01   49.139814    9.204107   206.791      -1.165     1.727    -1.484     1.457
1950260064_01   49.075829    9.548870   546.058       2.113     0.246     2.020     0.666
1950260065_01   48.940831    9.094792   270.124      -4.356     1.361    -4.532     0.456
1950260066_01   48.848666    8.823475   474.572      -0.940    -0.488    -0.815    -0.666
1950260067_01   48.846257    9.535701   305.617      -0.436     1.804    -0.788     1.678
1950260070_01   48.722591    9.224157   456.048      -3.144     0.964    -3.266     0.310
1950260073_01   48.549511    9.450126   743.959      -0.679     3.234    -1.314     3.025
1950260076_01   48.849703    9.327267   342.325      -2.822     0.253    -2.809    -0.320
1950260079_01   48.570991    8.690775   458.553       6.336    -5.940     7.405    -4.533
1950260081_01   49.091386    9.083514   251.851      -0.311    -2.870     0.280    -2.871
1950260087_01   48.935336    9.476920   317.517      -5.821    -2.165    -5.257    -3.291
1950260089_01   48.465260    8.717886   540.881       0.610     1.150     0.370     1.249
1950260093_01   49.437865    9.165516   373.922       3.505     1.932     3.046     2.595
1950260097_01   48.675159    9.524541   405.377      -6.697     0.449    -6.641    -0.911
1950260099_01   48.733082    9.338372   321.200      -3.423     0.941    -3.537     0.231
1950260104_01   48.366919    8.795736   545.712       5.821     1.014     5.493     2.168
1950260110_01   48.528122    8.875915   479.056       0.083    -2.260     0.543    -2.193
1950260112_01   48.487638    9.151220   420.457      -5.597    -2.793    -4.907    -3.862
1950260113_01   49.353358    9.531688   276.138      -1.984    -4.907    -0.951    -5.201
1950260114_01   48.805965    9.484660   287.089      -3.737    -0.087    -3.637    -0.838
1950260116_01   49.013623    9.154364   229.061      -4.424     5.416    -5.418     4.411
1950260121_01   48.603910    9.303720   406.183       2.178     0.318     2.070     0.751
1950260123_01   49.349079    9.131764   197.442       0.292    -1.884     0.670    -1.785
1950260124_01   48.555590    8.821741   554.872       1.482    -0.824     1.621    -0.506
1950260125_01   49.161495    9.305352   284.653      -4.310     3.331    -4.885     2.394
1950260129_01   48.817780    9.069190   371.502      -5.444     2.475    -5.821     1.325
1950260130_01   48.401345    9.061883   525.679       1.921    -6.334     3.163    -5.807
1950260133_01   48.797668    9.678633   324.332       1.417    -2.427     1.878    -2.089
1950260140_01   48.328751    9.034238   636.109       6.381    -5.707     7.399    -4.292
1950260141_01   48.689959    9.688179   381.388      -1.227     1.910    -1.585     1.621
1950260143_01   48.548674    9.272169   396.597      -3.368     1.856    -3.667     1.137
1950260148_01   48.314057    9.391915   853.969       5.269    -3.207     5.801    -2.072
1950260153_01   48.857364    8.700770   467.389      -3.449     2.396    -3.851     1.651
1950260155_01   48.585255    9.188991   458.427      -1.209    -3.121    -0.548    -3.296
1950260158_01   48.918686    9.567650   551.321      -1.358    -1.766    -0.970    -2.001
1950260161_01   48.655844    8.940706   485.383       0.088     0.131     0.065     0.147
1950260163_01   49.134030    9.112342   262.079       0.442    -3.706     1.184    -3.537
1950260165_01   48.810934    9.387558   284.359      -0.809    -2.281    -0.328    -2.395
1950260166_01   48.674712    9.362847   312.260      -1.398     0.744    -1.515     0.447
1950260171_01   48.637781    9.351997   317.504      -4.763    -0.631    -4.531    -1.578
1950260172_01   48.646056    8.845456   576.980      -4.337     1.603    -4.560     0.695
1950260173_01   48.741829    9.163390   503.564      -1.659     1.194    -1.859     0.834
1950260174_01   48.625655    8.961159   523.583      -2.180    -3.611    -1.398    -3.971
1950260183_01   48.247854    9.219667   713.435       6.978    -6.809     8.203    -5.248
1950260185_01   48.892973    8.713671   306.541      -1.309    -1.753    -0.920    -1.978
1950260186_01   49.303235    9.624805   269.871       4.095    -5.459     5.110    -4.520
1950260192_01   48.759679    9.384683   516.361      -2.971    -1.830    -2.534    -2.388
1950260197_01   48.571529    9.395858   464.714      -2.799     2.745    -3.290     2.121
1950260198_01   48.900515    9.638238   542.814      -2.059    -2.075    -1.593    -2.444
1950260203_01   48.782902    9.118556   433.504      -3.501     1.820    -3.789     1.076
1950260205_01   48.567444    9.200652   460.069      -1.175     1.375    -1.423     1.108
1950260207_01   48.362806    8.652366   584.710      -0.739    -2.356    -0.240    -2.453
1950260209_01   49.080264    8.840280   248.468      -0.406     3.509    -1.099     3.354
1950260211_01   48.943179    9.288574   328.660      -4.038    -1.256    -3.694    -2.041
1950260212_01   49.104755    9.777643   416.120      -5.933     0.343    -5.873    -0.859
1950260213_01   48.967242    8.731271   373.948       0.634     2.872     0.047     2.939
1950260214_01   48.771394    8.752318   584.896      -0.448     2.380    -0.912     2.239
1950260215_01   48.701492    9.024662   497.489      -3.502     1.852    -3.795     1.106
1950260217_01   49.184957    9.168070   243.267       2.075    -4.144     2.870    -3.639
1950260225_01   48.637399    9.527973   448.622      -3.995    -3.063    -3.288    -3.803
1950260229_01   48.349803    8.961793   580.405       2.923     1.501     2.560     2.059
1950260230_01   49.127464    9.165797   250.974       1.399     3.840     0.600     4.040
1950260232_01   48.927142    9.335608   348.557      -1.488    -3.777    -0.691    -3.995
1950260234_01   49.167878    9.219469   204.145      -4.466     1.052    -4.578     0.132
1950260235_01   48.463238    8.664233   604.747       0.835     1.778     0.463     1.908
1950260242_01   48.728037    8.792544   561.046       0.578    -0.894     0.751    -0.758
1950260245_01   48.792151    8.767267   554.005      -0.191     2.369    -0.659     2.280
1950260249_01   49.242986    9.183051   220.503       3.079    -0.321     3.083     0.305
1950260258_01   48.812797    9.177869   346.178      -4.260     1.552    -4.477     0.661
1950260263_01   49.088893    9.853428   437.021      -5.986    -6.681    -4.510    -7.743
1950260264_01   48.835296    9.367643   327.184      -2.221    -4.234    -1.316    -4.591
1950260269_01   49.136202    9.063419   238.774       3.507    -3.604     4.164    -2.822
1950260271_01   48.677477    9.226360   417.984      -5.116    -3.539    -4.287    -4.494
1950260273_01   48.624816    9.062919   511.912      -1.138    -2.812    -0.540    -2.979
1950260276_01   48.986894    9.463471   306.297      -0.120    -4.333     0.759    -4.264
1950260280_01   48.890541    8.844607   414.299      -1.647    -0.503    -1.504    -0.823
1950260281_01   49.181741    9.314165   238.572      -2.338     2.823    -2.852     2.293
1950260294_01   48.366968    8.620733   584.979       6.053    -2.015     6.333    -0.748
1950260295_01   48.612450    9.344559   351.113      -2.541    -1.733    -2.133    -2.208
1950260298_01   49.537343    9.324650   416.924       0.510    -3.172     1.142    -3.001
1950260299_01   49.200211    9.224103   206.929       2.570    -0.086     2.537     0.434
1950260312_01   48.711449    8.882741   532.253      -2.754    -4.219    -1.837    -4.682
1950260316_01   48.628012    8.897222   498.365      -5.664    -1.185    -5.295    -2.301
1950260320_01   48.474354    9.192204   449.240       1.058    -1.123     1.265    -0.885
1950260324_01   48.892768    9.129463   335.601      -6.973     4.442    -7.715     2.944
1950260326_01   48.267367    9.330561   814.230       1.934    -1.628     2.223    -1.201
1950260328_01   49.467348    8.989683   204.439       2.333    -1.420     2.576    -0.921
1950260330_01   48.673643    8.899517   569.960      -1.314     6.418    -2.576     6.014
1950260332_01   49.072461    9.288008   303.625       4.235     3.450     3.453     4.229
1950260333_01   49.238327    9.211541   216.598       1.990    -5.494     3.059    -4.977
1950260335_01   48.524449    8.968892   391.802      -2.726     3.082    -3.286     2.466
1950260336_01   48.768950    9.258568   275.371      -5.756     1.027    -5.837    -0.155
1950260339_01   48.805879    9.099443   380.505       1.550    -2.062     1.938    -1.705
1950260343_01   49.288922    9.276062   212.431       0.300    -6.019     1.510    -5.831
1950260345_01   48.716412    9.535595   327.735      -0.738    -0.411    -0.637    -0.551
1950260349_01   49.421489    9.450425   439.966      -3.444     4.415    -4.254     3.629
1950260357_01   48.647008    8.648360   657.881       0.205     0.191     0.169     0.228
1950260358_01   48.589151    8.874909   475.852      -4.980     3.176    -5.508     2.103
1950260359_01   48.701494    8.929650   513.507      -0.396     0.136    -0.410     0.054
1950260360_01   48.326633    9.348257   827.512       4.092    -1.443     4.295    -0.585
1950260362_01   48.920799    9.144736   304.787      -3.855    -1.596    -3.445    -2.338
1950260364_01   48.413444    9.578650   866.931       0.160     2.529    -0.352     2.504
1950260365_01   48.876222    9.389216   330.144      -1.336    -4.620    -0.372    -4.790
1950260366_01   48.924091    9.509144   326.277      -2.770    -2.845    -2.134    -3.341
1950260368_01   48.766107    9.202643   477.025      -4.814     5.744    -5.865     4.650
1950260370_01   49.178604    9.706723   419.390       1.627     4.315     0.725     4.550
1950260371_01   48.792181    9.343645   307.205      -3.331     0.882    -3.434     0.193
1950260372_01   48.406989    8.882651   475.500       2.533     1.084     2.263     1.572
1950260376_01   48.812974    9.413683   284.133      -1.648    -6.100    -0.379    -6.301
1950260377_01   49.011246    9.671193   399.976      -3.267    -1.140    -2.965    -1.774
1950260381_01   48.442705    9.493856   849.600       1.371     1.787     0.982     2.023
1950260389_01   48.802075    9.571238   297.833       0.613    -6.679     1.950    -6.413
1950260390_01   48.870385    9.250479   307.945      -6.609     6.522    -7.779     5.051
1950260391_01   49.354621    9.257358   289.332      -1.282    -0.962    -1.057    -1.199
1950260396_01   48.474733    8.950358   394.237       2.293    -0.128     2.273     0.338
1950260406_01   48.522481    9.626232   833.091      -1.384     0.819    -1.517     0.522
1950260413_01   48.418229    9.532521   851.333       1.236    -0.514     1.314    -0.253
1950260414_01   48.591549    9.628668   655.633       0.627    -1.924     1.003    -1.755
1950260415_01   49.596246    9.200493   310.282      -2.253    -6.029    -0.988    -6.352
1950260422_01   48.644948    9.582478   458.438      -1.477    -0.547    -1.332    -0.833
1950260428_01   48.369078    9.534842   751.909       5.346    -1.719     5.577    -0.601
1950260429_01   48.520815    9.585152   892.256       0.468     0.058     0.448     0.151
1950260430_01   49.500045    9.063357   349.453      -1.258    -5.309    -0.157    -5.447
1950260432_01   48.655904    9.649827   439.362       1.829     2.724     1.242     3.034
1950260433_01   49.496356    9.768892   242.172       6.169    -4.388     6.924    -3.056
1950260438_01   49.534725    9.592874   450.639       1.207    -2.121     1.611    -1.832
1950260439_01   49.515132    9.665559   403.912       5.859    -0.896     5.917     0.300
1950260445_01   49.495569    9.600254   376.859       0.989    -0.419     1.056    -0.211
1950260447_01   49.532649    9.622261   396.379       3.523     1.473     3.155     2.148
1950260454_01   49.548363    9.560262   459.477       4.047    -5.720     5.113    -4.784
1950260457_01   49.506596    9.698976   345.000       2.387    -0.871     2.514    -0.373
1950260458_01   49.526962    9.718699   367.823       2.535     0.347     2.414     0.849
1950260467_01   48.975530    9.685508   530.697      -1.180    -1.069    -0.936    -1.283
1950260469_01   48.851067    9.411548   486.754      -4.066    -2.482    -3.474    -3.247
1950260470_01   48.369894    9.590081   769.674       2.965    -3.887     3.686    -3.202
1950260474_01   49.276252    9.441352   330.446      -0.540    -0.831    -0.357    -0.922
1950260475_01   49.280111    8.998356   267.962       3.684     5.882     2.427     6.498
1950260479_01   48.629326    9.389811   412.307      -3.891     2.593    -4.328     1.752
1950260481_01   48.783885    9.694864   489.139      -3.138     2.399    -3.552     1.715
1950260482_01   48.309232    9.578408   698.188       1.213    -2.398     1.673    -2.099
1950260484_01   48.832132    9.494317   435.933      -1.892     6.957    -3.251     6.426
1950260489_01   48.596617    8.687701   579.837       0.312     1.666    -0.025     1.693
1950260491_01   48.424538    9.282049   783.012      -2.298    -3.269    -1.583    -3.660
1950260493_01   49.371463    9.584812   356.372       2.841     1.357     2.510     1.899
1950260495_01   49.175015    9.290648   260.000      -0.721    -1.817    -0.336    -1.923
1950260498_01   49.411850    9.990084   486.548       4.313     0.822     4.057     1.671
1950260503_01   48.264841    9.330958   792.698       6.745    -0.368     6.671     1.003
1950260504_01   49.248082    9.777046   332.811      -1.198    -1.340    -0.900    -1.552
1950260506_01   48.553855    9.661256   784.923       0.516    -2.018     0.913    -1.870
1950260508_01   49.156217    9.023103   265.420       4.725    -3.187     5.272    -2.169
1950260509_01   48.622499    8.796654   611.492       1.662     0.707     1.488     1.027
1950260514_01   49.246895    9.433699   221.181       0.322    -5.514     1.429    -5.332
1950260516_01   48.565668    9.574780   788.892       0.931     0.008     0.910     0.195
1950260533_01   49.514827    9.665162   400.444       5.582     0.021     5.461     1.141
1950260535_01   49.555064    9.012419   467.699       5.689    -3.682     6.313    -2.461
1950260538_01   49.535778    9.768299   312.257       3.523    -2.467     3.947    -1.707
1950260540_01   49.529179    9.827386   426.084       1.911    -1.770     2.229    -1.348
1950260541_01   48.201743    9.533245   599.549       2.478    -4.966     3.430    -4.355
1950260543_01   49.531787    9.717592   271.714       3.640    -3.657     4.301    -2.849
